206 4.37 9 0 0 0 0
1062 5.93 63 0 4 1
690 1.45 10 0 1 0
116 11.21 13 0 0 0
372 3.76 14 0 2 0
169 8.88 15 0 1 0
20 0 0 0 0 0
457 4.38 20 0 0 0
89 7.87 7 0 2 0
180 5 9 0 1 0
344 4.07 14 0 0 0
44 4.55 2 0 0 0
1685 4.99 84 1 6 1
3007 5.49 165 0 11 2
53 1.89 1 0 0 0
54 3.7 2 0 1 0
871 2.76 24 0 1 0
177 6.78 12 0 0 0
1516 5.01 76 0 2 1
95 8.42 8 0 0 0
2202 3.72 82 0 2 0
325 7.38 24 0 2 0
49 12.24 6 0 0 0
123 7.32 9 0 0 0
4623 2.68 124 0 5 1
1195 8.54 102 0 2 0
555 3.24 18 0 0 0
12445 2.98 371 1 21 1
44 9.09 4 0 0 0
134 7.46 10 0 2 0
151 1.32 2 0 0 0
184 3.26 6 0 0 0
1071 4.67 50 0 0 0
1192 8.81 105 0 8 1
47 0 0 0 0 0
1173 7.59 89 1 3 1
169 2.37 4 0 0 0
351 1.99 7 0 1 0
87 1.15 1 0 0 0
127 3.94 5 0 1 0
157 11.46 18 0 1 0
1325 4.75 63 0 6 2
495 3.64 18 0 2 0
287 5.23 15 0 1 0
156 4.49 7 0 0 0
668 5.09 34 0 2 0
486 9.26 45 0 0 0
9513 2.74 261 0 18 1
16066 4.66 748 0 16 4
82 7.32 6 0 0 0
102 3.92 4 0 0 0
1 100 1 0 0 0
195 6.67 13 0 1 0
92 7.61 7 0 0 0
299 8.36 25 0 0 0
60 6.67 4 0 0 0
728 2.75 20 0 0 0
329 8.51 28 0 1 0
2158 3.29 71 0 3 1
256 4.69 12 0 0 0
153 9.8 15 0 0 0
285 3.16 9 0 2 1
140 12.86 18 0 0 0
5 0 0 0 0 0
827 7.74 64 0 1 0
302 11.59 35 0 0 1
354 5.08 18 0 0 0
21 0 0 0 0 0
748 2.54 19 0 1 0
282 3.19 9 0 0 0
73 2.74 2 0 0 0
32 9.38 3 0 0 0
226 4.42 10 0 0 0
123 0.81 1 0 0 0
102 4.9 5 0 0 0
467 4.07 19 0 0 1
21 4.76 1 0 0 0
15 6.67 1 0 0 0
2737 2.16 59 0 2 0
112 13.39 15 0 0 1
272 4.04 11 0 0 0
407 4.91 20 0 1 0
277 2.53 7 0 0 0
1565 2.49 39 0 2 0
